H = 2.4224;
L = 2.4500;

eta = H/L
